img/4217.jpg  1  333 139 109 159
img/4559.jpg  1  191 114 194 154
img/4773.jpg  1  324 202 107 69
img/4767.jpg  1  300 220 108 66
img/4798.jpg  1  272 140 135 148
img/4607.jpg  1  112 24 302 235
img/4613.jpg  1  118 23 296 232
img/4808.jpg  1  342 125 114 149
img/4820.jpg  1  308 127 128 169
img/4363.jpg  1  336 153 97 123
img/4405.jpg  1  315 170 114 96
img/4411.jpg  1  312 176 122 110
img/4377.jpg  1  309 195 129 84
img/4388.jpg  1  289 150 139 117
img/4389.jpg  1  315 185 112 100
img/4410.jpg  1  284 184 145 100
img/4376.jpg  1  314 160 128 100
img/4362.jpg  1  331 149 101 123
img/4404.jpg  1  300 167 120 96
img/4821.jpg  1  314 112 129 180
img/4809.jpg  1  338 128 111 150
img/4612.jpg  1  122 18 294 245
img/4606.jpg  1  123 27 291 241
img/4799.jpg  1  275 127 141 165
img/4766.jpg  1  308 204 101 62
img/4772.jpg  1  320 214 103 69
img/4558.jpg  1  185 105 208 167
img/4202.jpg  1  298 142 130 115
img/4216.jpg  1  326 142 133 170
img/4214.jpg  1  333 141 129 168
img/4228.jpg  1  266 152 178 161
img/4599.jpg  1  114 27 303 234
img/4764.jpg  1  310 213 101 66
img/4770.jpg  1  309 214 111 67
img/4758.jpg  1  329 210 102 74
img/4610.jpg  1  107 26 317 231
img/4604.jpg  1  104 20 318 241
img/4638.jpg  1  112 36 311 237
img/4374.jpg  1  306 161 125 97
img/4412.jpg  1  300 172 127 90
img/4406.jpg  1  283 188 140 88
img/4360.jpg  1  329 169 103 123
img/4348.jpg  1  331 147 93 128
img/4349.jpg  1  336 154 85 127
img/4407.jpg  1  289 170 133 87
img/4361.jpg  1  326 152 110 126
img/4375.jpg  1  306 153 136 95
img/4413.jpg  1  312 161 115 113
img/4639.jpg  1  116 46 313 255
img/4759.jpg  1  323 200 106 68
img/4771.jpg  1  304 204 113 64
img/4765.jpg  1  302 205 104 64
img/4229.jpg  1  266 151 174 160
img/4215.jpg  1  326 139 136 166
img/4239.jpg  1  278 161 181 146
img/4205.jpg  1  329 141 145 174
img/4211.jpg  1  317 134 151 173
img/4749.jpg  1  317 230 100 63
img/4761.jpg  1  312 213 112 61
img/4775.jpg  1  319 202 113 68
img/4417.jpg  1  307 167 120 102
img/4371.jpg  1  302 153 124 92
img/4365.jpg  1  327 160 111 117
img/4403.jpg  1  300 173 132 98
img/4364.jpg  1  329 164 104 115
img/4402.jpg  1  309 176 128 97
img/4416.jpg  1  298 174 136 98
img/4370.jpg  1  308 161 119 97
img/4358.jpg  1  338 148 88 123
img/4774.jpg  1  327 207 109 75
img/4760.jpg  1  319 196 107 79
img/4748.jpg  1  317 215 107 66
img/4210.jpg  1  321 136 131 162
img/4204.jpg  1  324 129 151 173
img/4238.jpg  1  268 169 195 156
img/4212.jpg  1  310 123 160 184
img/4206.jpg  1  325 132 145 174
img/4776.jpg  1  329 215 108 71
img/4762.jpg  1  310 198 119 78
img/4789.jpg  1  261 148 168 166
img/4819.jpg  1  293 82 135 180
img/4428.jpg  1  293 182 135 97
img/4400.jpg  1  304 155 139 115
img/4366.jpg  1  321 156 113 117
img/4372.jpg  1  305 149 123 100
img/4414.jpg  1  292 179 138 97
img/4399.jpg  1  322 156 112 98
img/4398.jpg  1  326 178 119 105
img/4373.jpg  1  301 163 126 95
img/4415.jpg  1  295 173 137 119
img/4401.jpg  1  319 179 117 101
img/4367.jpg  1  314 176 124 99
img/4429.jpg  1  302 186 125 100
img/4818.jpg  1  299 67 125 188
img/4788.jpg  1  266 150 156 159
img/4763.jpg  1  316 216 111 72
img/4777.jpg  1  324 215 112 66
img/4207.jpg  1  325 129 150 170
img/4213.jpg  1  320 140 150 163
img/4274.jpg  1  236 169 237 149
img/4260.jpg  1  225 162 225 132
img/4248.jpg  1  219 161 224 162
img/4710.jpg  1  343 175 76 90
img/4704.jpg  1  324 158 90 120
img/4738.jpg  1  326 204 97 85
img/4300.jpg  1  202 151 251 128
img/4314.jpg  1  291 129 165 165
img/4328.jpg  1  300 87 132 167
img/4329.jpg  1  304 89 133 158
img/4315.jpg  1  300 126 148 157
img/4301.jpg  1  212 164 230 129
img/4671.jpg  1  235 104 163 198
img/4739.jpg  1  323 200 104 88
img/4705.jpg  1  345 174 65 88
img/4711.jpg  1  347 178 71 83
img/4249.jpg  1  218 156 217 162
img/4261.jpg  1  213 187 233 126
img/4275.jpg  1  240 174 226 138
img/4263.jpg  1  208 180 224 127
img/4277.jpg  1  218 189 228 132
img/4288.jpg  1  215 168 235 128
img/4707.jpg  1  348 176 64 84
img/4713.jpg  1  349 177 70 88
img/4673.jpg  1  246 106 150 193
img/4698.jpg  1  339 153 80 127
img/4317.jpg  1  291 114 150 159
img/4303.jpg  1  249 130 187 144
img/4302.jpg  1  213 124 240 170
img/4316.jpg  1  294 120 148 168
img/4699.jpg  1  334 149 82 138
img/4672.jpg  1  228 105 163 189
img/4712.jpg  1  350 184 71 84
img/4706.jpg  1  344 170 70 90
img/4289.jpg  1  209 160 238 137
img/4276.jpg  1  235 184 211 146
img/4262.jpg  1  215 186 222 115
img/4266.jpg  1  229 181 221 126
img/4272.jpg  1  246 170 226 132
img/4299.jpg  1  215 159 229 129
img/4702.jpg  1  319 147 92 126
img/4716.jpg  1  352 179 65 84
img/4676.jpg  1  290 91 128 197
img/4689.jpg  1  339 142 93 140
img/4312.jpg  1  289 134 163 160
img/4306.jpg  1  265 114 165 136
img/4307.jpg  1  265 121 168 138
img/4313.jpg  1  294 132 160 158
img/4688.jpg  1  337 133 101 150
img/4717.jpg  1  350 172 68 91
img/4703.jpg  1  319 151 92 123
img/4298.jpg  1  214 166 236 138
img/4273.jpg  1  236 166 243 140
img/4267.jpg  1  229 181 228 126
img/4259.jpg  1  231 155 225 135
img/4271.jpg  1  239 171 237 127
img/4265.jpg  1  217 175 226 129
img/4729.jpg  1  341 181 79 94
img/4715.jpg  1  351 178 69 84
img/4701.jpg  1  319 152 92 122
img/4675.jpg  1  263 95 146 194
img/4339.jpg  1  310 127 114 139
img/4305.jpg  1  267 120 160 132
img/4311.jpg  1  289 131 163 153
img/4310.jpg  1  275 123 168 142
img/4304.jpg  1  256 126 174 128
img/4338.jpg  1  310 124 118 146
img/4674.jpg  1  252 85 152 209
img/4700.jpg  1  331 152 82 130
img/4714.jpg  1  350 170 67 94
img/4728.jpg  1  342 181 80 85
img/4264.jpg  1  210 177 223 121
img/4270.jpg  1  244 173 230 139
img/4258.jpg  1  245 167 228 127
img/4255.jpg  1  220 155 237 150
img/4241.jpg  1  266 140 192 160
img/4269.jpg  1  236 176 240 133
img/4296.jpg  1  218 170 233 129
img/4282.jpg  1  206 160 242 163
img/4731.jpg  1  337 165 94 96
img/4725.jpg  1  338 172 79 95
img/4719.jpg  1  353 174 65 83
img/4679.jpg  1  290 110 141 206
img/4686.jpg  1  306 94 150 209
img/4692.jpg  1  344 134 92 147
img/4321.jpg  1  287 97 147 174
img/4335.jpg  1  300 71 132 171
img/4309.jpg  1  277 105 167 153
img/4308.jpg  1  268 98 174 150
img/4334.jpg  1  297 69 139 167
img/4320.jpg  1  293 90 139 171
img/4693.jpg  1  349 152 91 121
img/4687.jpg  1  304 103 150 196
img/4678.jpg  1  278 106 158 203
img/4718.jpg  1  351 175 69 86
img/4724.jpg  1  340 174 75 88
img/4730.jpg  1  342 178 76 93
img/4283.jpg  1  199 167 254 165
img/4297.jpg  1  209 172 245 128
img/4268.jpg  1  234 175 226 138
img/4240.jpg  1  271 134 186 156
img/4254.jpg  1  218 150 237 159
img/4242.jpg  1  255 148 200 152
img/4256.jpg  1  239 153 235 156
img/4281.jpg  1  216 181 233 153
img/4295.jpg  1  221 156 230 148
img/4726.jpg  1  341 182 81 90
img/4732.jpg  1  333 159 97 102
img/4691.jpg  1  339 135 96 131
img/4685.jpg  1  297 113 151 202
img/4336.jpg  1  300 100 137 171
img/4322.jpg  1  294 114 137 162
img/4337.jpg  1  314 115 106 140
img/4684.jpg  1  298 125 152 196
img/4690.jpg  1  342 139 89 129
img/4733.jpg  1  322 182 104 89
img/4727.jpg  1  339 183 84 90
img/4294.jpg  1  213 161 237 138
img/4280.jpg  1  215 176 237 162
img/4257.jpg  1  249 139 225 150
img/4243.jpg  1  263 130 196 152
img/4247.jpg  1  240 151 216 167
img/4253.jpg  1  203 144 238 157
img/4284.jpg  1  214 149 249 174
img/4290.jpg  1  214 162 236 139
img/4723.jpg  1  342 187 70 98
img/4737.jpg  1  323 201 103 92
img/4694.jpg  1  342 135 89 131
img/4680.jpg  1  294 114 137 203
img/4333.jpg  1  292 88 144 163
img/4327.jpg  1  298 93 138 156
img/4326.jpg  1  303 85 127 163
img/4332.jpg  1  302 91 132 166
img/4681.jpg  1  303 115 138 200
img/4695.jpg  1  337 135 90 137
img/4736.jpg  1  315 174 112 106
img/4722.jpg  1  345 177 64 83
img/4291.jpg  1  213 160 237 145
img/4285.jpg  1  217 166 245 155
img/4252.jpg  1  204 156 237 159
img/4246.jpg  1  250 143 202 167
img/4278.jpg  1  203 180 250 159
img/4250.jpg  1  196 141 245 164
img/4244.jpg  1  259 140 196 159
img/4293.jpg  1  218 163 229 142
img/4287.jpg  1  215 156 237 150
img/4708.jpg  1  345 173 67 91
img/4734.jpg  1  325 189 95 99
img/4720.jpg  1  349 172 71 87
img/4683.jpg  1  313 115 135 207
img/4697.jpg  1  334 152 93 131
img/4318.jpg  1  293 118 147 165
img/4324.jpg  1  296 80 136 161
img/4330.jpg  1  303 88 129 165
img/4331.jpg  1  303 90 126 161
img/4325.jpg  1  303 85 126 171
img/4319.jpg  1  297 82 139 166
img/4696.jpg  1  342 140 89 128
img/4682.jpg  1  299 115 146 194
img/4721.jpg  1  348 171 67 94
img/4735.jpg  1  324 189 101 88
img/4709.jpg  1  348 174 66 92
img/4286.jpg  1  227 158 243 160
img/4292.jpg  1  213 160 239 149
img/4245.jpg  1  253 160 208 159
img/4251.jpg  1  197 137 241 174
img/4279.jpg  1  211 171 238 164
img/4236.jpg  1  264 137 197 175
img/4222.jpg  1  308 129 131 177
img/4752.jpg  1  313 213 111 72
img/4746.jpg  1  311 190 115 69
img/4791.jpg  1  265 148 165 167
img/4785.jpg  1  268 146 165 164
img/4801.jpg  1  315 125 125 168
img/4815.jpg  1  279 72 131 179
img/4342.jpg  1  324 131 102 144
img/4356.jpg  1  338 120 83 124
img/4418.jpg  1  305 176 126 110
img/4381.jpg  1  293 195 151 84
img/4395.jpg  1  321 154 123 118
img/4394.jpg  1  305 174 141 118
img/4380.jpg  1  295 193 147 86
img/4419.jpg  1  307 171 126 104
img/4431.jpg  1  306 174 134 106
img/4357.jpg  1  337 146 91 124
img/4343.jpg  1  315 142 116 129
img/4425.jpg  1  287 177 157 106
img/4814.jpg  1  275 93 147 189
img/4800.jpg  1  300 101 140 176
img/4784.jpg  1  268 150 158 171
img/4790.jpg  1  269 148 163 165
img/4747.jpg  1  314 199 108 71
img/4753.jpg  1  312 217 113 64
img/4223.jpg  1  301 134 146 166
img/4237.jpg  1  278 150 190 148
img/4221.jpg  1  315 124 120 172
img/4235.jpg  1  281 172 181 153
img/4209.jpg  1  318 135 152 161